SET's TEST RESULTS :
0
 0 0 0 0
 0 0 0 1
 0 0 0 2
1
 0 0 0 0
 0 0 1 0
 0 0 2 0
2
 0 0 0 0
 0 0 1 1
 0 0 2 2
3
 0 0 0 0
 0 0 1 2
 0 0 2 1
4
 0 0 0 0
 0 1 0 0
 0 2 0 0
5
 0 0 0 0
 0 1 0 1
 0 2 0 2
6
 0 0 0 0
 0 1 0 2
 0 2 0 1
7
 0 0 0 0
 0 1 1 0
 0 2 2 0
8
 0 0 0 0
 0 1 1 1
 0 2 2 2
9
 0 0 0 0
 0 1 1 2
 0 2 2 1
10
 0 0 0 0
 0 1 2 0
 0 2 1 0
11
 0 0 0 0
 0 1 2 1
 0 2 1 2
12
 0 0 0 0
 0 1 2 2
 0 2 1 1
13
 0 0 0 0
 1 0 0 0
 2 0 0 0
14
 0 0 0 0
 1 0 0 1
 2 0 0 2
15
 0 0 0 0
 1 0 0 2
 2 0 0 1
16
 0 0 0 0
 1 0 1 0
 2 0 2 0
17
 0 0 0 0
 1 0 1 1
 2 0 2 2
18
 0 0 0 0
 1 0 1 2
 2 0 2 1
19
 0 0 0 0
 1 0 2 0
 2 0 1 0
20
 0 0 0 0
 1 0 2 1
 2 0 1 2
21
 0 0 0 0
 1 0 2 2
 2 0 1 1
22
 0 0 0 0
 1 1 0 0
 2 2 0 0
23
 0 0 0 0
 1 1 0 1
 2 2 0 2
24
 0 0 0 0
 1 1 0 2
 2 2 0 1
25
 0 0 0 0
 1 1 1 0
 2 2 2 0
26
 0 0 0 0
 1 1 1 1
 2 2 2 2
27
 0 0 0 0
 1 1 1 2
 2 2 2 1
28
 0 0 0 0
 1 1 2 0
 2 2 1 0
29
 0 0 0 0
 1 1 2 1
 2 2 1 2
30
 0 0 0 0
 1 1 2 2
 2 2 1 1
31
 0 0 0 0
 1 2 0 0
 2 1 0 0
32
 0 0 0 0
 1 2 0 1
 2 1 0 2
33
 0 0 0 0
 1 2 0 2
 2 1 0 1
34
 0 0 0 0
 1 2 1 0
 2 1 2 0
35
 0 0 0 0
 1 2 1 1
 2 1 2 2
36
 0 0 0 0
 1 2 1 2
 2 1 2 1
37
 0 0 0 0
 1 2 2 0
 2 1 1 0
38
 0 0 0 0
 1 2 2 1
 2 1 1 2
39
 0 0 0 0
 1 2 2 2
 2 1 1 1
40
 0 0 0 1
 0 0 1 0
 0 0 2 2
41
 0 0 0 1
 0 0 1 1
 0 0 2 1
42
 0 0 0 1
 0 0 1 2
 0 0 2 0
43
 0 0 0 1
 0 1 0 0
 0 2 0 2
44
 0 0 0 1
 0 1 0 1
 0 2 0 1
45
 0 0 0 1
 0 1 0 2
 0 2 0 0
46
 0 0 0 1
 0 1 1 0
 0 2 2 2
47
 0 0 0 1
 0 1 1 1
 0 2 2 1
48
 0 0 0 1
 0 1 1 2
 0 2 2 0
49
 0 0 0 1
 0 1 2 0
 0 2 1 2
50
 0 0 0 1
 0 1 2 1
 0 2 1 1
51
 0 0 0 1
 0 1 2 2
 0 2 1 0
52
 0 0 0 1
 1 0 0 0
 2 0 0 2
53
 0 0 0 1
 1 0 0 1
 2 0 0 1
54
 0 0 0 1
 1 0 0 2
 2 0 0 0
55
 0 0 0 1
 1 0 1 0
 2 0 2 2
56
 0 0 0 1
 1 0 1 1
 2 0 2 1
57
 0 0 0 1
 1 0 1 2
 2 0 2 0
58
 0 0 0 1
 1 0 2 0
 2 0 1 2
59
 0 0 0 1
 1 0 2 1
 2 0 1 1
60
 0 0 0 1
 1 0 2 2
 2 0 1 0
61
 0 0 0 1
 1 1 0 0
 2 2 0 2
62
 0 0 0 1
 1 1 0 1
 2 2 0 1
63
 0 0 0 1
 1 1 0 2
 2 2 0 0
64
 0 0 0 1
 1 1 1 0
 2 2 2 2
65
 0 0 0 1
 1 1 1 1
 2 2 2 1
66
 0 0 0 1
 1 1 1 2
 2 2 2 0
67
 0 0 0 1
 1 1 2 0
 2 2 1 2
68
 0 0 0 1
 1 1 2 1
 2 2 1 1
69
 0 0 0 1
 1 1 2 2
 2 2 1 0
70
 0 0 0 1
 1 2 0 0
 2 1 0 2
71
 0 0 0 1
 1 2 0 1
 2 1 0 1
72
 0 0 0 1
 1 2 0 2
 2 1 0 0
73
 0 0 0 1
 1 2 1 0
 2 1 2 2
74
 0 0 0 1
 1 2 1 1
 2 1 2 1
75
 0 0 0 1
 1 2 1 2
 2 1 2 0
76
 0 0 0 1
 1 2 2 0
 2 1 1 2
77
 0 0 0 1
 1 2 2 1
 2 1 1 1
78
 0 0 0 1
 1 2 2 2
 2 1 1 0
79
 0 0 0 2
 0 0 1 0
 0 0 2 1
80
 0 0 0 2
 0 0 1 1
 0 0 2 0
81
 0 0 0 2
 0 0 1 2
 0 0 2 2
82
 0 0 0 2
 0 1 0 0
 0 2 0 1
83
 0 0 0 2
 0 1 0 1
 0 2 0 0
84
 0 0 0 2
 0 1 0 2
 0 2 0 2
85
 0 0 0 2
 0 1 1 0
 0 2 2 1
86
 0 0 0 2
 0 1 1 1
 0 2 2 0
87
 0 0 0 2
 0 1 1 2
 0 2 2 2
88
 0 0 0 2
 0 1 2 0
 0 2 1 1
89
 0 0 0 2
 0 1 2 1
 0 2 1 0
90
 0 0 0 2
 0 1 2 2
 0 2 1 2
91
 0 0 0 2
 1 0 0 0
 2 0 0 1
92
 0 0 0 2
 1 0 0 1
 2 0 0 0
93
 0 0 0 2
 1 0 0 2
 2 0 0 2
94
 0 0 0 2
 1 0 1 0
 2 0 2 1
95
 0 0 0 2
 1 0 1 1
 2 0 2 0
96
 0 0 0 2
 1 0 1 2
 2 0 2 2
97
 0 0 0 2
 1 0 2 0
 2 0 1 1
98
 0 0 0 2
 1 0 2 1
 2 0 1 0
99
 0 0 0 2
 1 0 2 2
 2 0 1 2
100
 0 0 0 2
 1 1 0 0
 2 2 0 1
101
 0 0 0 2
 1 1 0 1
 2 2 0 0
102
 0 0 0 2
 1 1 0 2
 2 2 0 2
103
 0 0 0 2
 1 1 1 0
 2 2 2 1
104
 0 0 0 2
 1 1 1 1
 2 2 2 0
105
 0 0 0 2
 1 1 1 2
 2 2 2 2
106
 0 0 0 2
 1 1 2 0
 2 2 1 1
107
 0 0 0 2
 1 1 2 1
 2 2 1 0
108
 0 0 0 2
 1 1 2 2
 2 2 1 2
109
 0 0 0 2
 1 2 0 0
 2 1 0 1
110
 0 0 0 2
 1 2 0 1
 2 1 0 0
111
 0 0 0 2
 1 2 0 2
 2 1 0 2
112
 0 0 0 2
 1 2 1 0
 2 1 2 1
113
 0 0 0 2
 1 2 1 1
 2 1 2 0
114
 0 0 0 2
 1 2 1 2
 2 1 2 2
115
 0 0 0 2
 1 2 2 0
 2 1 1 1
116
 0 0 0 2
 1 2 2 1
 2 1 1 0
117
 0 0 0 2
 1 2 2 2
 2 1 1 2
118
 0 0 1 0
 0 0 1 1
 0 0 1 2
119
 0 0 1 0
 0 1 0 0
 0 2 2 0
120
 0 0 1 0
 0 1 0 1
 0 2 2 2
121
 0 0 1 0
 0 1 0 2
 0 2 2 1
122
 0 0 1 0
 0 1 1 0
 0 2 1 0
123
 0 0 1 0
 0 1 1 1
 0 2 1 2
124
 0 0 1 0
 0 1 1 2
 0 2 1 1
125
 0 0 1 0
 0 1 2 0
 0 2 0 0
126
 0 0 1 0
 0 1 2 1
 0 2 0 2
127
 0 0 1 0
 0 1 2 2
 0 2 0 1
128
 0 0 1 0
 1 0 0 0
 2 0 2 0
129
 0 0 1 0
 1 0 0 1
 2 0 2 2
130
 0 0 1 0
 1 0 0 2
 2 0 2 1
131
 0 0 1 0
 1 0 1 0
 2 0 1 0
132
 0 0 1 0
 1 0 1 1
 2 0 1 2
133
 0 0 1 0
 1 0 1 2
 2 0 1 1
134
 0 0 1 0
 1 0 2 0
 2 0 0 0
135
 0 0 1 0
 1 0 2 1
 2 0 0 2
136
 0 0 1 0
 1 0 2 2
 2 0 0 1
137
 0 0 1 0
 1 1 0 0
 2 2 2 0
138
 0 0 1 0
 1 1 0 1
 2 2 2 2
139
 0 0 1 0
 1 1 0 2
 2 2 2 1
140
 0 0 1 0
 1 1 1 0
 2 2 1 0
141
 0 0 1 0
 1 1 1 1
 2 2 1 2
142
 0 0 1 0
 1 1 1 2
 2 2 1 1
143
 0 0 1 0
 1 1 2 0
 2 2 0 0
144
 0 0 1 0
 1 1 2 1
 2 2 0 2
145
 0 0 1 0
 1 1 2 2
 2 2 0 1
146
 0 0 1 0
 1 2 0 0
 2 1 2 0
147
 0 0 1 0
 1 2 0 1
 2 1 2 2
148
 0 0 1 0
 1 2 0 2
 2 1 2 1
149
 0 0 1 0
 1 2 1 0
 2 1 1 0
150
 0 0 1 0
 1 2 1 1
 2 1 1 2
151
 0 0 1 0
 1 2 1 2
 2 1 1 1
152
 0 0 1 0
 1 2 2 0
 2 1 0 0
153
 0 0 1 0
 1 2 2 1
 2 1 0 2
154
 0 0 1 0
 1 2 2 2
 2 1 0 1
155
 0 0 1 1
 0 1 0 0
 0 2 2 2
156
 0 0 1 1
 0 1 0 1
 0 2 2 1
157
 0 0 1 1
 0 1 0 2
 0 2 2 0
158
 0 0 1 1
 0 1 1 0
 0 2 1 2
159
 0 0 1 1
 0 1 1 1
 0 2 1 1
160
 0 0 1 1
 0 1 1 2
 0 2 1 0
161
 0 0 1 1
 0 1 2 0
 0 2 0 2
162
 0 0 1 1
 0 1 2 1
 0 2 0 1
163
 0 0 1 1
 0 1 2 2
 0 2 0 0
164
 0 0 1 1
 1 0 0 0
 2 0 2 2
165
 0 0 1 1
 1 0 0 1
 2 0 2 1
166
 0 0 1 1
 1 0 0 2
 2 0 2 0
167
 0 0 1 1
 1 0 1 0
 2 0 1 2
168
 0 0 1 1
 1 0 1 1
 2 0 1 1
169
 0 0 1 1
 1 0 1 2
 2 0 1 0
170
 0 0 1 1
 1 0 2 0
 2 0 0 2
171
 0 0 1 1
 1 0 2 1
 2 0 0 1
172
 0 0 1 1
 1 0 2 2
 2 0 0 0
173
 0 0 1 1
 1 1 0 0
 2 2 2 2
174
 0 0 1 1
 1 1 0 1
 2 2 2 1
175
 0 0 1 1
 1 1 0 2
 2 2 2 0
176
 0 0 1 1
 1 1 1 0
 2 2 1 2
177
 0 0 1 1
 1 1 1 1
 2 2 1 1
178
 0 0 1 1
 1 1 1 2
 2 2 1 0
179
 0 0 1 1
 1 1 2 0
 2 2 0 2
180
 0 0 1 1
 1 1 2 1
 2 2 0 1
181
 0 0 1 1
 1 1 2 2
 2 2 0 0
182
 0 0 1 1
 1 2 0 0
 2 1 2 2
183
 0 0 1 1
 1 2 0 1
 2 1 2 1
184
 0 0 1 1
 1 2 0 2
 2 1 2 0
185
 0 0 1 1
 1 2 1 0
 2 1 1 2
186
 0 0 1 1
 1 2 1 1
 2 1 1 1
187
 0 0 1 1
 1 2 1 2
 2 1 1 0
188
 0 0 1 1
 1 2 2 0
 2 1 0 2
189
 0 0 1 1
 1 2 2 1
 2 1 0 1
190
 0 0 1 1
 1 2 2 2
 2 1 0 0
191
 0 0 1 2
 0 1 0 0
 0 2 2 1
192
 0 0 1 2
 0 1 0 1
 0 2 2 0
193
 0 0 1 2
 0 1 0 2
 0 2 2 2
194
 0 0 1 2
 0 1 1 0
 0 2 1 1
195
 0 0 1 2
 0 1 1 1
 0 2 1 0
196
 0 0 1 2
 0 1 1 2
 0 2 1 2
197
 0 0 1 2
 0 1 2 0
 0 2 0 1
198
 0 0 1 2
 0 1 2 1
 0 2 0 0
199
 0 0 1 2
 0 1 2 2
 0 2 0 2
200
 0 0 1 2
 1 0 0 0
 2 0 2 1
201
 0 0 1 2
 1 0 0 1
 2 0 2 0
202
 0 0 1 2
 1 0 0 2
 2 0 2 2
203
 0 0 1 2
 1 0 1 0
 2 0 1 1
204
 0 0 1 2
 1 0 1 1
 2 0 1 0
205
 0 0 1 2
 1 0 1 2
 2 0 1 2
206
 0 0 1 2
 1 0 2 0
 2 0 0 1
207
 0 0 1 2
 1 0 2 1
 2 0 0 0
208
 0 0 1 2
 1 0 2 2
 2 0 0 2
209
 0 0 1 2
 1 1 0 0
 2 2 2 1
210
 0 0 1 2
 1 1 0 1
 2 2 2 0
211
 0 0 1 2
 1 1 0 2
 2 2 2 2
212
 0 0 1 2
 1 1 1 0
 2 2 1 1
213
 0 0 1 2
 1 1 1 1
 2 2 1 0
214
 0 0 1 2
 1 1 1 2
 2 2 1 2
215
 0 0 1 2
 1 1 2 0
 2 2 0 1
216
 0 0 1 2
 1 1 2 1
 2 2 0 0
217
 0 0 1 2
 1 1 2 2
 2 2 0 2
218
 0 0 1 2
 1 2 0 0
 2 1 2 1
219
 0 0 1 2
 1 2 0 1
 2 1 2 0
220
 0 0 1 2
 1 2 0 2
 2 1 2 2
221
 0 0 1 2
 1 2 1 0
 2 1 1 1
222
 0 0 1 2
 1 2 1 1
 2 1 1 0
223
 0 0 1 2
 1 2 1 2
 2 1 1 2
224
 0 0 1 2
 1 2 2 0
 2 1 0 1
225
 0 0 1 2
 1 2 2 1
 2 1 0 0
226
 0 0 1 2
 1 2 2 2
 2 1 0 2
227
 0 0 2 0
 0 0 2 1
 0 0 2 2
228
 0 0 2 0
 0 1 0 0
 0 2 1 0
229
 0 0 2 0
 0 1 0 1
 0 2 1 2
230
 0 0 2 0
 0 1 0 2
 0 2 1 1
231
 0 0 2 0
 0 1 1 0
 0 2 0 0
232
 0 0 2 0
 0 1 1 1
 0 2 0 2
233
 0 0 2 0
 0 1 1 2
 0 2 0 1
234
 0 0 2 0
 0 1 2 0
 0 2 2 0
235
 0 0 2 0
 0 1 2 1
 0 2 2 2
236
 0 0 2 0
 0 1 2 2
 0 2 2 1
237
 0 0 2 0
 1 0 0 0
 2 0 1 0
238
 0 0 2 0
 1 0 0 1
 2 0 1 2
239
 0 0 2 0
 1 0 0 2
 2 0 1 1
240
 0 0 2 0
 1 0 1 0
 2 0 0 0
241
 0 0 2 0
 1 0 1 1
 2 0 0 2
242
 0 0 2 0
 1 0 1 2
 2 0 0 1
243
 0 0 2 0
 1 0 2 0
 2 0 2 0
244
 0 0 2 0
 1 0 2 1
 2 0 2 2
245
 0 0 2 0
 1 0 2 2
 2 0 2 1
246
 0 0 2 0
 1 1 0 0
 2 2 1 0
247
 0 0 2 0
 1 1 0 1
 2 2 1 2
248
 0 0 2 0
 1 1 0 2
 2 2 1 1
249
 0 0 2 0
 1 1 1 0
 2 2 0 0
250
 0 0 2 0
 1 1 1 1
 2 2 0 2
251
 0 0 2 0
 1 1 1 2
 2 2 0 1
252
 0 0 2 0
 1 1 2 0
 2 2 2 0
253
 0 0 2 0
 1 1 2 1
 2 2 2 2
254
 0 0 2 0
 1 1 2 2
 2 2 2 1
255
 0 0 2 0
 1 2 0 0
 2 1 1 0
256
 0 0 2 0
 1 2 0 1
 2 1 1 2
257
 0 0 2 0
 1 2 0 2
 2 1 1 1
258
 0 0 2 0
 1 2 1 0
 2 1 0 0
259
 0 0 2 0
 1 2 1 1
 2 1 0 2
260
 0 0 2 0
 1 2 1 2
 2 1 0 1
261
 0 0 2 0
 1 2 2 0
 2 1 2 0
262
 0 0 2 0
 1 2 2 1
 2 1 2 2
263
 0 0 2 0
 1 2 2 2
 2 1 2 1
264
 0 0 2 1
 0 1 0 0
 0 2 1 2
265
 0 0 2 1
 0 1 0 1
 0 2 1 1
266
 0 0 2 1
 0 1 0 2
 0 2 1 0
267
 0 0 2 1
 0 1 1 0
 0 2 0 2
268
 0 0 2 1
 0 1 1 1
 0 2 0 1
269
 0 0 2 1
 0 1 1 2
 0 2 0 0
270
 0 0 2 1
 0 1 2 0
 0 2 2 2
271
 0 0 2 1
 0 1 2 1
 0 2 2 1
272
 0 0 2 1
 0 1 2 2
 0 2 2 0
273
 0 0 2 1
 1 0 0 0
 2 0 1 2
274
 0 0 2 1
 1 0 0 1
 2 0 1 1
275
 0 0 2 1
 1 0 0 2
 2 0 1 0
276
 0 0 2 1
 1 0 1 0
 2 0 0 2
277
 0 0 2 1
 1 0 1 1
 2 0 0 1
278
 0 0 2 1
 1 0 1 2
 2 0 0 0
279
 0 0 2 1
 1 0 2 0
 2 0 2 2
280
 0 0 2 1
 1 0 2 1
 2 0 2 1
281
 0 0 2 1
 1 0 2 2
 2 0 2 0
282
 0 0 2 1
 1 1 0 0
 2 2 1 2
283
 0 0 2 1
 1 1 0 1
 2 2 1 1
284
 0 0 2 1
 1 1 0 2
 2 2 1 0
285
 0 0 2 1
 1 1 1 0
 2 2 0 2
286
 0 0 2 1
 1 1 1 1
 2 2 0 1
287
 0 0 2 1
 1 1 1 2
 2 2 0 0
288
 0 0 2 1
 1 1 2 0
 2 2 2 2
289
 0 0 2 1
 1 1 2 1
 2 2 2 1
290
 0 0 2 1
 1 1 2 2
 2 2 2 0
291
 0 0 2 1
 1 2 0 0
 2 1 1 2
292
 0 0 2 1
 1 2 0 1
 2 1 1 1
293
 0 0 2 1
 1 2 0 2
 2 1 1 0
294
 0 0 2 1
 1 2 1 0
 2 1 0 2
295
 0 0 2 1
 1 2 1 1
 2 1 0 1
296
 0 0 2 1
 1 2 1 2
 2 1 0 0
297
 0 0 2 1
 1 2 2 0
 2 1 2 2
298
 0 0 2 1
 1 2 2 1
 2 1 2 1
299
 0 0 2 1
 1 2 2 2
 2 1 2 0
300
 0 0 2 2
 0 1 0 0
 0 2 1 1
301
 0 0 2 2
 0 1 0 1
 0 2 1 0
302
 0 0 2 2
 0 1 0 2
 0 2 1 2
303
 0 0 2 2
 0 1 1 0
 0 2 0 1
304
 0 0 2 2
 0 1 1 1
 0 2 0 0
305
 0 0 2 2
 0 1 1 2
 0 2 0 2
306
 0 0 2 2
 0 1 2 0
 0 2 2 1
307
 0 0 2 2
 0 1 2 1
 0 2 2 0
308
 0 0 2 2
 0 1 2 2
 0 2 2 2
309
 0 0 2 2
 1 0 0 0
 2 0 1 1
310
 0 0 2 2
 1 0 0 1
 2 0 1 0
311
 0 0 2 2
 1 0 0 2
 2 0 1 2
312
 0 0 2 2
 1 0 1 0
 2 0 0 1
313
 0 0 2 2
 1 0 1 1
 2 0 0 0
314
 0 0 2 2
 1 0 1 2
 2 0 0 2
315
 0 0 2 2
 1 0 2 0
 2 0 2 1
316
 0 0 2 2
 1 0 2 1
 2 0 2 0
317
 0 0 2 2
 1 0 2 2
 2 0 2 2
318
 0 0 2 2
 1 1 0 0
 2 2 1 1
319
 0 0 2 2
 1 1 0 1
 2 2 1 0
320
 0 0 2 2
 1 1 0 2
 2 2 1 2
321
 0 0 2 2
 1 1 1 0
 2 2 0 1
322
 0 0 2 2
 1 1 1 1
 2 2 0 0
323
 0 0 2 2
 1 1 1 2
 2 2 0 2
324
 0 0 2 2
 1 1 2 0
 2 2 2 1
325
 0 0 2 2
 1 1 2 1
 2 2 2 0
326
 0 0 2 2
 1 1 2 2
 2 2 2 2
327
 0 0 2 2
 1 2 0 0
 2 1 1 1
328
 0 0 2 2
 1 2 0 1
 2 1 1 0
329
 0 0 2 2
 1 2 0 2
 2 1 1 2
330
 0 0 2 2
 1 2 1 0
 2 1 0 1
331
 0 0 2 2
 1 2 1 1
 2 1 0 0
332
 0 0 2 2
 1 2 1 2
 2 1 0 2
333
 0 0 2 2
 1 2 2 0
 2 1 2 1
334
 0 0 2 2
 1 2 2 1
 2 1 2 0
335
 0 0 2 2
 1 2 2 2
 2 1 2 2
336
 0 1 0 0
 0 1 0 1
 0 1 0 2
337
 0 1 0 0
 0 1 1 0
 0 1 2 0
338
 0 1 0 0
 0 1 1 1
 0 1 2 2
339
 0 1 0 0
 0 1 1 2
 0 1 2 1
340
 0 1 0 0
 1 0 0 0
 2 2 0 0
341
 0 1 0 0
 1 0 0 1
 2 2 0 2
342
 0 1 0 0
 1 0 0 2
 2 2 0 1
343
 0 1 0 0
 1 0 1 0
 2 2 2 0
344
 0 1 0 0
 1 0 1 1
 2 2 2 2
345
 0 1 0 0
 1 0 1 2
 2 2 2 1
346
 0 1 0 0
 1 0 2 0
 2 2 1 0
347
 0 1 0 0
 1 0 2 1
 2 2 1 2
348
 0 1 0 0
 1 0 2 2
 2 2 1 1
349
 0 1 0 0
 1 1 0 0
 2 1 0 0
350
 0 1 0 0
 1 1 0 1
 2 1 0 2
351
 0 1 0 0
 1 1 0 2
 2 1 0 1
352
 0 1 0 0
 1 1 1 0
 2 1 2 0
353
 0 1 0 0
 1 1 1 1
 2 1 2 2
354
 0 1 0 0
 1 1 1 2
 2 1 2 1
355
 0 1 0 0
 1 1 2 0
 2 1 1 0
356
 0 1 0 0
 1 1 2 1
 2 1 1 2
357
 0 1 0 0
 1 1 2 2
 2 1 1 1
358
 0 1 0 0
 1 2 0 0
 2 0 0 0
359
 0 1 0 0
 1 2 0 1
 2 0 0 2
360
 0 1 0 0
 1 2 0 2
 2 0 0 1
361
 0 1 0 0
 1 2 1 0
 2 0 2 0
362
 0 1 0 0
 1 2 1 1
 2 0 2 2
363
 0 1 0 0
 1 2 1 2
 2 0 2 1
364
 0 1 0 0
 1 2 2 0
 2 0 1 0
365
 0 1 0 0
 1 2 2 1
 2 0 1 2
366
 0 1 0 0
 1 2 2 2
 2 0 1 1
367
 0 1 0 1
 0 1 1 0
 0 1 2 2
368
 0 1 0 1
 0 1 1 1
 0 1 2 1
369
 0 1 0 1
 0 1 1 2
 0 1 2 0
370
 0 1 0 1
 1 0 0 0
 2 2 0 2
371
 0 1 0 1
 1 0 0 1
 2 2 0 1
372
 0 1 0 1
 1 0 0 2
 2 2 0 0
373
 0 1 0 1
 1 0 1 0
 2 2 2 2
374
 0 1 0 1
 1 0 1 1
 2 2 2 1
375
 0 1 0 1
 1 0 1 2
 2 2 2 0
376
 0 1 0 1
 1 0 2 0
 2 2 1 2
377
 0 1 0 1
 1 0 2 1
 2 2 1 1
378
 0 1 0 1
 1 0 2 2
 2 2 1 0
379
 0 1 0 1
 1 1 0 0
 2 1 0 2
380
 0 1 0 1
 1 1 0 1
 2 1 0 1
381
 0 1 0 1
 1 1 0 2
 2 1 0 0
382
 0 1 0 1
 1 1 1 0
 2 1 2 2
383
 0 1 0 1
 1 1 1 1
 2 1 2 1
384
 0 1 0 1
 1 1 1 2
 2 1 2 0
385
 0 1 0 1
 1 1 2 0
 2 1 1 2
386
 0 1 0 1
 1 1 2 1
 2 1 1 1
387
 0 1 0 1
 1 1 2 2
 2 1 1 0
388
 0 1 0 1
 1 2 0 0
 2 0 0 2
389
 0 1 0 1
 1 2 0 1
 2 0 0 1
390
 0 1 0 1
 1 2 0 2
 2 0 0 0
391
 0 1 0 1
 1 2 1 0
 2 0 2 2
392
 0 1 0 1
 1 2 1 1
 2 0 2 1
393
 0 1 0 1
 1 2 1 2
 2 0 2 0
394
 0 1 0 1
 1 2 2 0
 2 0 1 2
395
 0 1 0 1
 1 2 2 1
 2 0 1 1
396
 0 1 0 1
 1 2 2 2
 2 0 1 0
397
 0 1 0 2
 0 1 1 0
 0 1 2 1
398
 0 1 0 2
 0 1 1 1
 0 1 2 0
399
 0 1 0 2
 0 1 1 2
 0 1 2 2
400
 0 1 0 2
 1 0 0 0
 2 2 0 1
401
 0 1 0 2
 1 0 0 1
 2 2 0 0
402
 0 1 0 2
 1 0 0 2
 2 2 0 2
403
 0 1 0 2
 1 0 1 0
 2 2 2 1
404
 0 1 0 2
 1 0 1 1
 2 2 2 0
405
 0 1 0 2
 1 0 1 2
 2 2 2 2
406
 0 1 0 2
 1 0 2 0
 2 2 1 1
407
 0 1 0 2
 1 0 2 1
 2 2 1 0
408
 0 1 0 2
 1 0 2 2
 2 2 1 2
409
 0 1 0 2
 1 1 0 0
 2 1 0 1
410
 0 1 0 2
 1 1 0 1
 2 1 0 0
411
 0 1 0 2
 1 1 0 2
 2 1 0 2
412
 0 1 0 2
 1 1 1 0
 2 1 2 1
413
 0 1 0 2
 1 1 1 1
 2 1 2 0
414
 0 1 0 2
 1 1 1 2
 2 1 2 2
415
 0 1 0 2
 1 1 2 0
 2 1 1 1
416
 0 1 0 2
 1 1 2 1
 2 1 1 0
417
 0 1 0 2
 1 1 2 2
 2 1 1 2
418
 0 1 0 2
 1 2 0 0
 2 0 0 1
419
 0 1 0 2
 1 2 0 1
 2 0 0 0
420
 0 1 0 2
 1 2 0 2
 2 0 0 2
421
 0 1 0 2
 1 2 1 0
 2 0 2 1
422
 0 1 0 2
 1 2 1 1
 2 0 2 0
423
 0 1 0 2
 1 2 1 2
 2 0 2 2
424
 0 1 0 2
 1 2 2 0
 2 0 1 1
425
 0 1 0 2
 1 2 2 1
 2 0 1 0
426
 0 1 0 2
 1 2 2 2
 2 0 1 2
427
 0 1 1 0
 0 1 1 1
 0 1 1 2
428
 0 1 1 0
 1 0 0 0
 2 2 2 0
429
 0 1 1 0
 1 0 0 1
 2 2 2 2
430
 0 1 1 0
 1 0 0 2
 2 2 2 1
431
 0 1 1 0
 1 0 1 0
 2 2 1 0
432
 0 1 1 0
 1 0 1 1
 2 2 1 2
433
 0 1 1 0
 1 0 1 2
 2 2 1 1
434
 0 1 1 0
 1 0 2 0
 2 2 0 0
435
 0 1 1 0
 1 0 2 1
 2 2 0 2
436
 0 1 1 0
 1 0 2 2
 2 2 0 1
437
 0 1 1 0
 1 1 0 0
 2 1 2 0
438
 0 1 1 0
 1 1 0 1
 2 1 2 2
439
 0 1 1 0
 1 1 0 2
 2 1 2 1
440
 0 1 1 0
 1 1 1 0
 2 1 1 0
441
 0 1 1 0
 1 1 1 1
 2 1 1 2
442
 0 1 1 0
 1 1 1 2
 2 1 1 1
443
 0 1 1 0
 1 1 2 0
 2 1 0 0
444
 0 1 1 0
 1 1 2 1
 2 1 0 2
445
 0 1 1 0
 1 1 2 2
 2 1 0 1
446
 0 1 1 0
 1 2 0 0
 2 0 2 0
447
 0 1 1 0
 1 2 0 1
 2 0 2 2
448
 0 1 1 0
 1 2 0 2
 2 0 2 1
449
 0 1 1 0
 1 2 1 0
 2 0 1 0
450
 0 1 1 0
 1 2 1 1
 2 0 1 2
451
 0 1 1 0
 1 2 1 2
 2 0 1 1
452
 0 1 1 0
 1 2 2 0
 2 0 0 0
453
 0 1 1 0
 1 2 2 1
 2 0 0 2
454
 0 1 1 0
 1 2 2 2
 2 0 0 1
455
 0 1 1 1
 1 0 0 0
 2 2 2 2
456
 0 1 1 1
 1 0 0 1
 2 2 2 1
457
 0 1 1 1
 1 0 0 2
 2 2 2 0
458
 0 1 1 1
 1 0 1 0
 2 2 1 2
459
 0 1 1 1
 1 0 1 1
 2 2 1 1
460
 0 1 1 1
 1 0 1 2
 2 2 1 0
461
 0 1 1 1
 1 0 2 0
 2 2 0 2
462
 0 1 1 1
 1 0 2 1
 2 2 0 1
463
 0 1 1 1
 1 0 2 2
 2 2 0 0
464
 0 1 1 1
 1 1 0 0
 2 1 2 2
465
 0 1 1 1
 1 1 0 1
 2 1 2 1
466
 0 1 1 1
 1 1 0 2
 2 1 2 0
467
 0 1 1 1
 1 1 1 0
 2 1 1 2
468
 0 1 1 1
 1 1 1 1
 2 1 1 1
469
 0 1 1 1
 1 1 1 2
 2 1 1 0
470
 0 1 1 1
 1 1 2 0
 2 1 0 2
471
 0 1 1 1
 1 1 2 1
 2 1 0 1
472
 0 1 1 1
 1 1 2 2
 2 1 0 0
473
 0 1 1 1
 1 2 0 0
 2 0 2 2
474
 0 1 1 1
 1 2 0 1
 2 0 2 1
475
 0 1 1 1
 1 2 0 2
 2 0 2 0
476
 0 1 1 1
 1 2 1 0
 2 0 1 2
477
 0 1 1 1
 1 2 1 1
 2 0 1 1
478
 0 1 1 1
 1 2 1 2
 2 0 1 0
479
 0 1 1 1
 1 2 2 0
 2 0 0 2
480
 0 1 1 1
 1 2 2 1
 2 0 0 1
481
 0 1 1 1
 1 2 2 2
 2 0 0 0
482
 0 1 1 2
 1 0 0 0
 2 2 2 1
483
 0 1 1 2
 1 0 0 1
 2 2 2 0
484
 0 1 1 2
 1 0 0 2
 2 2 2 2
485
 0 1 1 2
 1 0 1 0
 2 2 1 1
486
 0 1 1 2
 1 0 1 1
 2 2 1 0
487
 0 1 1 2
 1 0 1 2
 2 2 1 2
488
 0 1 1 2
 1 0 2 0
 2 2 0 1
489
 0 1 1 2
 1 0 2 1
 2 2 0 0
490
 0 1 1 2
 1 0 2 2
 2 2 0 2
491
 0 1 1 2
 1 1 0 0
 2 1 2 1
492
 0 1 1 2
 1 1 0 1
 2 1 2 0
493
 0 1 1 2
 1 1 0 2
 2 1 2 2
494
 0 1 1 2
 1 1 1 0
 2 1 1 1
495
 0 1 1 2
 1 1 1 1
 2 1 1 0
496
 0 1 1 2
 1 1 1 2
 2 1 1 2
497
 0 1 1 2
 1 1 2 0
 2 1 0 1
498
 0 1 1 2
 1 1 2 1
 2 1 0 0
499
 0 1 1 2
 1 1 2 2
 2 1 0 2
500
 0 1 1 2
 1 2 0 0
 2 0 2 1
501
 0 1 1 2
 1 2 0 1
 2 0 2 0
502
 0 1 1 2
 1 2 0 2
 2 0 2 2
503
 0 1 1 2
 1 2 1 0
 2 0 1 1
504
 0 1 1 2
 1 2 1 1
 2 0 1 0
505
 0 1 1 2
 1 2 1 2
 2 0 1 2
506
 0 1 1 2
 1 2 2 0
 2 0 0 1
507
 0 1 1 2
 1 2 2 1
 2 0 0 0
508
 0 1 1 2
 1 2 2 2
 2 0 0 2
509
 0 1 2 0
 0 1 2 1
 0 1 2 2
510
 0 1 2 0
 1 0 0 0
 2 2 1 0
511
 0 1 2 0
 1 0 0 1
 2 2 1 2
512
 0 1 2 0
 1 0 0 2
 2 2 1 1
513
 0 1 2 0
 1 0 1 0
 2 2 0 0
514
 0 1 2 0
 1 0 1 1
 2 2 0 2
515
 0 1 2 0
 1 0 1 2
 2 2 0 1
516
 0 1 2 0
 1 0 2 0
 2 2 2 0
517
 0 1 2 0
 1 0 2 1
 2 2 2 2
518
 0 1 2 0
 1 0 2 2
 2 2 2 1
519
 0 1 2 0
 1 1 0 0
 2 1 1 0
520
 0 1 2 0
 1 1 0 1
 2 1 1 2
521
 0 1 2 0
 1 1 0 2
 2 1 1 1
522
 0 1 2 0
 1 1 1 0
 2 1 0 0
523
 0 1 2 0
 1 1 1 1
 2 1 0 2
524
 0 1 2 0
 1 1 1 2
 2 1 0 1
525
 0 1 2 0
 1 1 2 0
 2 1 2 0
526
 0 1 2 0
 1 1 2 1
 2 1 2 2
527
 0 1 2 0
 1 1 2 2
 2 1 2 1
528
 0 1 2 0
 1 2 0 0
 2 0 1 0
529
 0 1 2 0
 1 2 0 1
 2 0 1 2
530
 0 1 2 0
 1 2 0 2
 2 0 1 1
531
 0 1 2 0
 1 2 1 0
 2 0 0 0
532
 0 1 2 0
 1 2 1 1
 2 0 0 2
533
 0 1 2 0
 1 2 1 2
 2 0 0 1
534
 0 1 2 0
 1 2 2 0
 2 0 2 0
535
 0 1 2 0
 1 2 2 1
 2 0 2 2
536
 0 1 2 0
 1 2 2 2
 2 0 2 1
537
 0 1 2 1
 1 0 0 0
 2 2 1 2
538
 0 1 2 1
 1 0 0 1
 2 2 1 1
539
 0 1 2 1
 1 0 0 2
 2 2 1 0
540
 0 1 2 1
 1 0 1 0
 2 2 0 2
541
 0 1 2 1
 1 0 1 1
 2 2 0 1
542
 0 1 2 1
 1 0 1 2
 2 2 0 0
543
 0 1 2 1
 1 0 2 0
 2 2 2 2
544
 0 1 2 1
 1 0 2 1
 2 2 2 1
545
 0 1 2 1
 1 0 2 2
 2 2 2 0
546
 0 1 2 1
 1 1 0 0
 2 1 1 2
547
 0 1 2 1
 1 1 0 1
 2 1 1 1
548
 0 1 2 1
 1 1 0 2
 2 1 1 0
549
 0 1 2 1
 1 1 1 0
 2 1 0 2
550
 0 1 2 1
 1 1 1 1
 2 1 0 1
551
 0 1 2 1
 1 1 1 2
 2 1 0 0
552
 0 1 2 1
 1 1 2 0
 2 1 2 2
553
 0 1 2 1
 1 1 2 1
 2 1 2 1
554
 0 1 2 1
 1 1 2 2
 2 1 2 0
555
 0 1 2 1
 1 2 0 0
 2 0 1 2
556
 0 1 2 1
 1 2 0 1
 2 0 1 1
557
 0 1 2 1
 1 2 0 2
 2 0 1 0
558
 0 1 2 1
 1 2 1 0
 2 0 0 2
559
 0 1 2 1
 1 2 1 1
 2 0 0 1
560
 0 1 2 1
 1 2 1 2
 2 0 0 0
561
 0 1 2 1
 1 2 2 0
 2 0 2 2
562
 0 1 2 1
 1 2 2 1
 2 0 2 1
563
 0 1 2 1
 1 2 2 2
 2 0 2 0
564
 0 1 2 2
 1 0 0 0
 2 2 1 1
565
 0 1 2 2
 1 0 0 1
 2 2 1 0
566
 0 1 2 2
 1 0 0 2
 2 2 1 2
567
 0 1 2 2
 1 0 1 0
 2 2 0 1
568
 0 1 2 2
 1 0 1 1
 2 2 0 0
569
 0 1 2 2
 1 0 1 2
 2 2 0 2
570
 0 1 2 2
 1 0 2 0
 2 2 2 1
571
 0 1 2 2
 1 0 2 1
 2 2 2 0
572
 0 1 2 2
 1 0 2 2
 2 2 2 2
573
 0 1 2 2
 1 1 0 0
 2 1 1 1
574
 0 1 2 2
 1 1 0 1
 2 1 1 0
575
 0 1 2 2
 1 1 0 2
 2 1 1 2
576
 0 1 2 2
 1 1 1 0
 2 1 0 1
577
 0 1 2 2
 1 1 1 1
 2 1 0 0
578
 0 1 2 2
 1 1 1 2
 2 1 0 2
579
 0 1 2 2
 1 1 2 0
 2 1 2 1
580
 0 1 2 2
 1 1 2 1
 2 1 2 0
581
 0 1 2 2
 1 1 2 2
 2 1 2 2
582
 0 1 2 2
 1 2 0 0
 2 0 1 1
583
 0 1 2 2
 1 2 0 1
 2 0 1 0
584
 0 1 2 2
 1 2 0 2
 2 0 1 2
585
 0 1 2 2
 1 2 1 0
 2 0 0 1
586
 0 1 2 2
 1 2 1 1
 2 0 0 0
587
 0 1 2 2
 1 2 1 2
 2 0 0 2
588
 0 1 2 2
 1 2 2 0
 2 0 2 1
589
 0 1 2 2
 1 2 2 1
 2 0 2 0
590
 0 1 2 2
 1 2 2 2
 2 0 2 2
591
 0 2 0 0
 0 2 0 1
 0 2 0 2
592
 0 2 0 0
 0 2 1 0
 0 2 2 0
593
 0 2 0 0
 0 2 1 1
 0 2 2 2
594
 0 2 0 0
 0 2 1 2
 0 2 2 1
595
 0 2 0 0
 1 0 0 0
 2 1 0 0
596
 0 2 0 0
 1 0 0 1
 2 1 0 2
597
 0 2 0 0
 1 0 0 2
 2 1 0 1
598
 0 2 0 0
 1 0 1 0
 2 1 2 0
599
 0 2 0 0
 1 0 1 1
 2 1 2 2
600
 0 2 0 0
 1 0 1 2
 2 1 2 1
601
 0 2 0 0
 1 0 2 0
 2 1 1 0
602
 0 2 0 0
 1 0 2 1
 2 1 1 2
603
 0 2 0 0
 1 0 2 2
 2 1 1 1
604
 0 2 0 0
 1 1 0 0
 2 0 0 0
605
 0 2 0 0
 1 1 0 1
 2 0 0 2
606
 0 2 0 0
 1 1 0 2
 2 0 0 1
607
 0 2 0 0
 1 1 1 0
 2 0 2 0
608
 0 2 0 0
 1 1 1 1
 2 0 2 2
609
 0 2 0 0
 1 1 1 2
 2 0 2 1
610
 0 2 0 0
 1 1 2 0
 2 0 1 0
611
 0 2 0 0
 1 1 2 1
 2 0 1 2
612
 0 2 0 0
 1 1 2 2
 2 0 1 1
613
 0 2 0 0
 1 2 0 0
 2 2 0 0
614
 0 2 0 0
 1 2 0 1
 2 2 0 2
615
 0 2 0 0
 1 2 0 2
 2 2 0 1
616
 0 2 0 0
 1 2 1 0
 2 2 2 0
617
 0 2 0 0
 1 2 1 1
 2 2 2 2
618
 0 2 0 0
 1 2 1 2
 2 2 2 1
619
 0 2 0 0
 1 2 2 0
 2 2 1 0
620
 0 2 0 0
 1 2 2 1
 2 2 1 2
621
 0 2 0 0
 1 2 2 2
 2 2 1 1
622
 0 2 0 1
 0 2 1 0
 0 2 2 2
623
 0 2 0 1
 0 2 1 1
 0 2 2 1
624
 0 2 0 1
 0 2 1 2
 0 2 2 0
625
 0 2 0 1
 1 0 0 0
 2 1 0 2
626
 0 2 0 1
 1 0 0 1
 2 1 0 1
627
 0 2 0 1
 1 0 0 2
 2 1 0 0
628
 0 2 0 1
 1 0 1 0
 2 1 2 2
629
 0 2 0 1
 1 0 1 1
 2 1 2 1
630
 0 2 0 1
 1 0 1 2
 2 1 2 0
631
 0 2 0 1
 1 0 2 0
 2 1 1 2
632
 0 2 0 1
 1 0 2 1
 2 1 1 1
633
 0 2 0 1
 1 0 2 2
 2 1 1 0
634
 0 2 0 1
 1 1 0 0
 2 0 0 2
635
 0 2 0 1
 1 1 0 1
 2 0 0 1
636
 0 2 0 1
 1 1 0 2
 2 0 0 0
637
 0 2 0 1
 1 1 1 0
 2 0 2 2
638
 0 2 0 1
 1 1 1 1
 2 0 2 1
639
 0 2 0 1
 1 1 1 2
 2 0 2 0
640
 0 2 0 1
 1 1 2 0
 2 0 1 2
641
 0 2 0 1
 1 1 2 1
 2 0 1 1
642
 0 2 0 1
 1 1 2 2
 2 0 1 0
643
 0 2 0 1
 1 2 0 0
 2 2 0 2
644
 0 2 0 1
 1 2 0 1
 2 2 0 1
645
 0 2 0 1
 1 2 0 2
 2 2 0 0
646
 0 2 0 1
 1 2 1 0
 2 2 2 2
647
 0 2 0 1
 1 2 1 1
 2 2 2 1
648
 0 2 0 1
 1 2 1 2
 2 2 2 0
649
 0 2 0 1
 1 2 2 0
 2 2 1 2
650
 0 2 0 1
 1 2 2 1
 2 2 1 1
651
 0 2 0 1
 1 2 2 2
 2 2 1 0
652
 0 2 0 2
 0 2 1 0
 0 2 2 1
653
 0 2 0 2
 0 2 1 1
 0 2 2 0
654
 0 2 0 2
 0 2 1 2
 0 2 2 2
655
 0 2 0 2
 1 0 0 0
 2 1 0 1
656
 0 2 0 2
 1 0 0 1
 2 1 0 0
657
 0 2 0 2
 1 0 0 2
 2 1 0 2
658
 0 2 0 2
 1 0 1 0
 2 1 2 1
659
 0 2 0 2
 1 0 1 1
 2 1 2 0
660
 0 2 0 2
 1 0 1 2
 2 1 2 2
661
 0 2 0 2
 1 0 2 0
 2 1 1 1
662
 0 2 0 2
 1 0 2 1
 2 1 1 0
663
 0 2 0 2
 1 0 2 2
 2 1 1 2
664
 0 2 0 2
 1 1 0 0
 2 0 0 1
665
 0 2 0 2
 1 1 0 1
 2 0 0 0
666
 0 2 0 2
 1 1 0 2
 2 0 0 2
667
 0 2 0 2
 1 1 1 0
 2 0 2 1
668
 0 2 0 2
 1 1 1 1
 2 0 2 0
669
 0 2 0 2
 1 1 1 2
 2 0 2 2
670
 0 2 0 2
 1 1 2 0
 2 0 1 1
671
 0 2 0 2
 1 1 2 1
 2 0 1 0
672
 0 2 0 2
 1 1 2 2
 2 0 1 2
673
 0 2 0 2
 1 2 0 0
 2 2 0 1
674
 0 2 0 2
 1 2 0 1
 2 2 0 0
675
 0 2 0 2
 1 2 0 2
 2 2 0 2
676
 0 2 0 2
 1 2 1 0
 2 2 2 1
677
 0 2 0 2
 1 2 1 1
 2 2 2 0
678
 0 2 0 2
 1 2 1 2
 2 2 2 2
679
 0 2 0 2
 1 2 2 0
 2 2 1 1
680
 0 2 0 2
 1 2 2 1
 2 2 1 0
681
 0 2 0 2
 1 2 2 2
 2 2 1 2
682
 0 2 1 0
 0 2 1 1
 0 2 1 2
683
 0 2 1 0
 1 0 0 0
 2 1 2 0
684
 0 2 1 0
 1 0 0 1
 2 1 2 2
685
 0 2 1 0
 1 0 0 2
 2 1 2 1
686
 0 2 1 0
 1 0 1 0
 2 1 1 0
687
 0 2 1 0
 1 0 1 1
 2 1 1 2
688
 0 2 1 0
 1 0 1 2
 2 1 1 1
689
 0 2 1 0
 1 0 2 0
 2 1 0 0
690
 0 2 1 0
 1 0 2 1
 2 1 0 2
691
 0 2 1 0
 1 0 2 2
 2 1 0 1
692
 0 2 1 0
 1 1 0 0
 2 0 2 0
693
 0 2 1 0
 1 1 0 1
 2 0 2 2
694
 0 2 1 0
 1 1 0 2
 2 0 2 1
695
 0 2 1 0
 1 1 1 0
 2 0 1 0
696
 0 2 1 0
 1 1 1 1
 2 0 1 2
697
 0 2 1 0
 1 1 1 2
 2 0 1 1
698
 0 2 1 0
 1 1 2 0
 2 0 0 0
699
 0 2 1 0
 1 1 2 1
 2 0 0 2
700
 0 2 1 0
 1 1 2 2
 2 0 0 1
701
 0 2 1 0
 1 2 0 0
 2 2 2 0
702
 0 2 1 0
 1 2 0 1
 2 2 2 2
703
 0 2 1 0
 1 2 0 2
 2 2 2 1
704
 0 2 1 0
 1 2 1 0
 2 2 1 0
705
 0 2 1 0
 1 2 1 1
 2 2 1 2
706
 0 2 1 0
 1 2 1 2
 2 2 1 1
707
 0 2 1 0
 1 2 2 0
 2 2 0 0
708
 0 2 1 0
 1 2 2 1
 2 2 0 2
709
 0 2 1 0
 1 2 2 2
 2 2 0 1
710
 0 2 1 1
 1 0 0 0
 2 1 2 2
711
 0 2 1 1
 1 0 0 1
 2 1 2 1
712
 0 2 1 1
 1 0 0 2
 2 1 2 0
713
 0 2 1 1
 1 0 1 0
 2 1 1 2
714
 0 2 1 1
 1 0 1 1
 2 1 1 1
715
 0 2 1 1
 1 0 1 2
 2 1 1 0
716
 0 2 1 1
 1 0 2 0
 2 1 0 2
717
 0 2 1 1
 1 0 2 1
 2 1 0 1
718
 0 2 1 1
 1 0 2 2
 2 1 0 0
719
 0 2 1 1
 1 1 0 0
 2 0 2 2
720
 0 2 1 1
 1 1 0 1
 2 0 2 1
721
 0 2 1 1
 1 1 0 2
 2 0 2 0
722
 0 2 1 1
 1 1 1 0
 2 0 1 2
723
 0 2 1 1
 1 1 1 1
 2 0 1 1
724
 0 2 1 1
 1 1 1 2
 2 0 1 0
725
 0 2 1 1
 1 1 2 0
 2 0 0 2
726
 0 2 1 1
 1 1 2 1
 2 0 0 1
727
 0 2 1 1
 1 1 2 2
 2 0 0 0
728
 0 2 1 1
 1 2 0 0
 2 2 2 2
729
 0 2 1 1
 1 2 0 1
 2 2 2 1
730
 0 2 1 1
 1 2 0 2
 2 2 2 0
731
 0 2 1 1
 1 2 1 0
 2 2 1 2
732
 0 2 1 1
 1 2 1 1
 2 2 1 1
733
 0 2 1 1
 1 2 1 2
 2 2 1 0
734
 0 2 1 1
 1 2 2 0
 2 2 0 2
735
 0 2 1 1
 1 2 2 1
 2 2 0 1
736
 0 2 1 1
 1 2 2 2
 2 2 0 0
737
 0 2 1 2
 1 0 0 0
 2 1 2 1
738
 0 2 1 2
 1 0 0 1
 2 1 2 0
739
 0 2 1 2
 1 0 0 2
 2 1 2 2
740
 0 2 1 2
 1 0 1 0
 2 1 1 1
741
 0 2 1 2
 1 0 1 1
 2 1 1 0
742
 0 2 1 2
 1 0 1 2
 2 1 1 2
743
 0 2 1 2
 1 0 2 0
 2 1 0 1
744
 0 2 1 2
 1 0 2 1
 2 1 0 0
745
 0 2 1 2
 1 0 2 2
 2 1 0 2
746
 0 2 1 2
 1 1 0 0
 2 0 2 1
747
 0 2 1 2
 1 1 0 1
 2 0 2 0
748
 0 2 1 2
 1 1 0 2
 2 0 2 2
749
 0 2 1 2
 1 1 1 0
 2 0 1 1
750
 0 2 1 2
 1 1 1 1
 2 0 1 0
751
 0 2 1 2
 1 1 1 2
 2 0 1 2
752
 0 2 1 2
 1 1 2 0
 2 0 0 1
753
 0 2 1 2
 1 1 2 1
 2 0 0 0
754
 0 2 1 2
 1 1 2 2
 2 0 0 2
755
 0 2 1 2
 1 2 0 0
 2 2 2 1
756
 0 2 1 2
 1 2 0 1
 2 2 2 0
757
 0 2 1 2
 1 2 0 2
 2 2 2 2
758
 0 2 1 2
 1 2 1 0
 2 2 1 1
759
 0 2 1 2
 1 2 1 1
 2 2 1 0
760
 0 2 1 2
 1 2 1 2
 2 2 1 2
761
 0 2 1 2
 1 2 2 0
 2 2 0 1
762
 0 2 1 2
 1 2 2 1
 2 2 0 0
763
 0 2 1 2
 1 2 2 2
 2 2 0 2
764
 0 2 2 0
 0 2 2 1
 0 2 2 2
765
 0 2 2 0
 1 0 0 0
 2 1 1 0
766
 0 2 2 0
 1 0 0 1
 2 1 1 2
767
 0 2 2 0
 1 0 0 2
 2 1 1 1
768
 0 2 2 0
 1 0 1 0
 2 1 0 0
769
 0 2 2 0
 1 0 1 1
 2 1 0 2
770
 0 2 2 0
 1 0 1 2
 2 1 0 1
771
 0 2 2 0
 1 0 2 0
 2 1 2 0
772
 0 2 2 0
 1 0 2 1
 2 1 2 2
773
 0 2 2 0
 1 0 2 2
 2 1 2 1
774
 0 2 2 0
 1 1 0 0
 2 0 1 0
775
 0 2 2 0
 1 1 0 1
 2 0 1 2
776
 0 2 2 0
 1 1 0 2
 2 0 1 1
777
 0 2 2 0
 1 1 1 0
 2 0 0 0
778
 0 2 2 0
 1 1 1 1
 2 0 0 2
779
 0 2 2 0
 1 1 1 2
 2 0 0 1
780
 0 2 2 0
 1 1 2 0
 2 0 2 0
781
 0 2 2 0
 1 1 2 1
 2 0 2 2
782
 0 2 2 0
 1 1 2 2
 2 0 2 1
783
 0 2 2 0
 1 2 0 0
 2 2 1 0
784
 0 2 2 0
 1 2 0 1
 2 2 1 2
785
 0 2 2 0
 1 2 0 2
 2 2 1 1
786
 0 2 2 0
 1 2 1 0
 2 2 0 0
787
 0 2 2 0
 1 2 1 1
 2 2 0 2
788
 0 2 2 0
 1 2 1 2
 2 2 0 1
789
 0 2 2 0
 1 2 2 0
 2 2 2 0
790
 0 2 2 0
 1 2 2 1
 2 2 2 2
791
 0 2 2 0
 1 2 2 2
 2 2 2 1
792
 0 2 2 1
 1 0 0 0
 2 1 1 2
793
 0 2 2 1
 1 0 0 1
 2 1 1 1
794
 0 2 2 1
 1 0 0 2
 2 1 1 0
795
 0 2 2 1
 1 0 1 0
 2 1 0 2
796
 0 2 2 1
 1 0 1 1
 2 1 0 1
797
 0 2 2 1
 1 0 1 2
 2 1 0 0
798
 0 2 2 1
 1 0 2 0
 2 1 2 2
799
 0 2 2 1
 1 0 2 1
 2 1 2 1
800
 0 2 2 1
 1 0 2 2
 2 1 2 0
801
 0 2 2 1
 1 1 0 0
 2 0 1 2
802
 0 2 2 1
 1 1 0 1
 2 0 1 1
803
 0 2 2 1
 1 1 0 2
 2 0 1 0
804
 0 2 2 1
 1 1 1 0
 2 0 0 2
805
 0 2 2 1
 1 1 1 1
 2 0 0 1
806
 0 2 2 1
 1 1 1 2
 2 0 0 0
807
 0 2 2 1
 1 1 2 0
 2 0 2 2
808
 0 2 2 1
 1 1 2 1
 2 0 2 1
809
 0 2 2 1
 1 1 2 2
 2 0 2 0
810
 0 2 2 1
 1 2 0 0
 2 2 1 2
811
 0 2 2 1
 1 2 0 1
 2 2 1 1
812
 0 2 2 1
 1 2 0 2
 2 2 1 0
813
 0 2 2 1
 1 2 1 0
 2 2 0 2
814
 0 2 2 1
 1 2 1 1
 2 2 0 1
815
 0 2 2 1
 1 2 1 2
 2 2 0 0
816
 0 2 2 1
 1 2 2 0
 2 2 2 2
817
 0 2 2 1
 1 2 2 1
 2 2 2 1
818
 0 2 2 1
 1 2 2 2
 2 2 2 0
819
 0 2 2 2
 1 0 0 0
 2 1 1 1
820
 0 2 2 2
 1 0 0 1
 2 1 1 0
821
 0 2 2 2
 1 0 0 2
 2 1 1 2
822
 0 2 2 2
 1 0 1 0
 2 1 0 1
823
 0 2 2 2
 1 0 1 1
 2 1 0 0
824
 0 2 2 2
 1 0 1 2
 2 1 0 2
825
 0 2 2 2
 1 0 2 0
 2 1 2 1
826
 0 2 2 2
 1 0 2 1
 2 1 2 0
827
 0 2 2 2
 1 0 2 2
 2 1 2 2
828
 0 2 2 2
 1 1 0 0
 2 0 1 1
829
 0 2 2 2
 1 1 0 1
 2 0 1 0
830
 0 2 2 2
 1 1 0 2
 2 0 1 2
831
 0 2 2 2
 1 1 1 0
 2 0 0 1
832
 0 2 2 2
 1 1 1 1
 2 0 0 0
833
 0 2 2 2
 1 1 1 2
 2 0 0 2
834
 0 2 2 2
 1 1 2 0
 2 0 2 1
835
 0 2 2 2
 1 1 2 1
 2 0 2 0
836
 0 2 2 2
 1 1 2 2
 2 0 2 2
837
 0 2 2 2
 1 2 0 0
 2 2 1 1
838
 0 2 2 2
 1 2 0 1
 2 2 1 0
839
 0 2 2 2
 1 2 0 2
 2 2 1 2
840
 0 2 2 2
 1 2 1 0
 2 2 0 1
841
 0 2 2 2
 1 2 1 1
 2 2 0 0
842
 0 2 2 2
 1 2 1 2
 2 2 0 2
843
 0 2 2 2
 1 2 2 0
 2 2 2 1
844
 0 2 2 2
 1 2 2 1
 2 2 2 0
845
 0 2 2 2
 1 2 2 2
 2 2 2 2
846
 1 0 0 0
 1 0 0 1
 1 0 0 2
847
 1 0 0 0
 1 0 1 0
 1 0 2 0
848
 1 0 0 0
 1 0 1 1
 1 0 2 2
849
 1 0 0 0
 1 0 1 2
 1 0 2 1
850
 1 0 0 0
 1 1 0 0
 1 2 0 0
851
 1 0 0 0
 1 1 0 1
 1 2 0 2
852
 1 0 0 0
 1 1 0 2
 1 2 0 1
853
 1 0 0 0
 1 1 1 0
 1 2 2 0
854
 1 0 0 0
 1 1 1 1
 1 2 2 2
855
 1 0 0 0
 1 1 1 2
 1 2 2 1
856
 1 0 0 0
 1 1 2 0
 1 2 1 0
857
 1 0 0 0
 1 1 2 1
 1 2 1 2
858
 1 0 0 0
 1 1 2 2
 1 2 1 1
859
 1 0 0 1
 1 0 1 0
 1 0 2 2
860
 1 0 0 1
 1 0 1 1
 1 0 2 1
861
 1 0 0 1
 1 0 1 2
 1 0 2 0
862
 1 0 0 1
 1 1 0 0
 1 2 0 2
863
 1 0 0 1
 1 1 0 1
 1 2 0 1
864
 1 0 0 1
 1 1 0 2
 1 2 0 0
865
 1 0 0 1
 1 1 1 0
 1 2 2 2
866
 1 0 0 1
 1 1 1 1
 1 2 2 1
867
 1 0 0 1
 1 1 1 2
 1 2 2 0
868
 1 0 0 1
 1 1 2 0
 1 2 1 2
869
 1 0 0 1
 1 1 2 1
 1 2 1 1
870
 1 0 0 1
 1 1 2 2
 1 2 1 0
871
 1 0 0 2
 1 0 1 0
 1 0 2 1
872
 1 0 0 2
 1 0 1 1
 1 0 2 0
873
 1 0 0 2
 1 0 1 2
 1 0 2 2
874
 1 0 0 2
 1 1 0 0
 1 2 0 1
875
 1 0 0 2
 1 1 0 1
 1 2 0 0
876
 1 0 0 2
 1 1 0 2
 1 2 0 2
877
 1 0 0 2
 1 1 1 0
 1 2 2 1
878
 1 0 0 2
 1 1 1 1
 1 2 2 0
879
 1 0 0 2
 1 1 1 2
 1 2 2 2
880
 1 0 0 2
 1 1 2 0
 1 2 1 1
881
 1 0 0 2
 1 1 2 1
 1 2 1 0
882
 1 0 0 2
 1 1 2 2
 1 2 1 2
883
 1 0 1 0
 1 0 1 1
 1 0 1 2
884
 1 0 1 0
 1 1 0 0
 1 2 2 0
885
 1 0 1 0
 1 1 0 1
 1 2 2 2
886
 1 0 1 0
 1 1 0 2
 1 2 2 1
887
 1 0 1 0
 1 1 1 0
 1 2 1 0
888
 1 0 1 0
 1 1 1 1
 1 2 1 2
889
 1 0 1 0
 1 1 1 2
 1 2 1 1
890
 1 0 1 0
 1 1 2 0
 1 2 0 0
891
 1 0 1 0
 1 1 2 1
 1 2 0 2
892
 1 0 1 0
 1 1 2 2
 1 2 0 1
893
 1 0 1 1
 1 1 0 0
 1 2 2 2
894
 1 0 1 1
 1 1 0 1
 1 2 2 1
895
 1 0 1 1
 1 1 0 2
 1 2 2 0
896
 1 0 1 1
 1 1 1 0
 1 2 1 2
897
 1 0 1 1
 1 1 1 1
 1 2 1 1
898
 1 0 1 1
 1 1 1 2
 1 2 1 0
899
 1 0 1 1
 1 1 2 0
 1 2 0 2
900
 1 0 1 1
 1 1 2 1
 1 2 0 1
901
 1 0 1 1
 1 1 2 2
 1 2 0 0
902
 1 0 1 2
 1 1 0 0
 1 2 2 1
903
 1 0 1 2
 1 1 0 1
 1 2 2 0
904
 1 0 1 2
 1 1 0 2
 1 2 2 2
905
 1 0 1 2
 1 1 1 0
 1 2 1 1
906
 1 0 1 2
 1 1 1 1
 1 2 1 0
907
 1 0 1 2
 1 1 1 2
 1 2 1 2
908
 1 0 1 2
 1 1 2 0
 1 2 0 1
909
 1 0 1 2
 1 1 2 1
 1 2 0 0
910
 1 0 1 2
 1 1 2 2
 1 2 0 2
911
 1 0 2 0
 1 0 2 1
 1 0 2 2
912
 1 0 2 0
 1 1 0 0
 1 2 1 0
913
 1 0 2 0
 1 1 0 1
 1 2 1 2
914
 1 0 2 0
 1 1 0 2
 1 2 1 1
915
 1 0 2 0
 1 1 1 0
 1 2 0 0
916
 1 0 2 0
 1 1 1 1
 1 2 0 2
917
 1 0 2 0
 1 1 1 2
 1 2 0 1
918
 1 0 2 0
 1 1 2 0
 1 2 2 0
919
 1 0 2 0
 1 1 2 1
 1 2 2 2
920
 1 0 2 0
 1 1 2 2
 1 2 2 1
921
 1 0 2 1
 1 1 0 0
 1 2 1 2
922
 1 0 2 1
 1 1 0 1
 1 2 1 1
923
 1 0 2 1
 1 1 0 2
 1 2 1 0
924
 1 0 2 1
 1 1 1 0
 1 2 0 2
925
 1 0 2 1
 1 1 1 1
 1 2 0 1
926
 1 0 2 1
 1 1 1 2
 1 2 0 0
927
 1 0 2 1
 1 1 2 0
 1 2 2 2
928
 1 0 2 1
 1 1 2 1
 1 2 2 1
929
 1 0 2 1
 1 1 2 2
 1 2 2 0
930
 1 0 2 2
 1 1 0 0
 1 2 1 1
931
 1 0 2 2
 1 1 0 1
 1 2 1 0
932
 1 0 2 2
 1 1 0 2
 1 2 1 2
933
 1 0 2 2
 1 1 1 0
 1 2 0 1
934
 1 0 2 2
 1 1 1 1
 1 2 0 0
935
 1 0 2 2
 1 1 1 2
 1 2 0 2
936
 1 0 2 2
 1 1 2 0
 1 2 2 1
937
 1 0 2 2
 1 1 2 1
 1 2 2 0
938
 1 0 2 2
 1 1 2 2
 1 2 2 2
939
 1 1 0 0
 1 1 0 1
 1 1 0 2
940
 1 1 0 0
 1 1 1 0
 1 1 2 0
941
 1 1 0 0
 1 1 1 1
 1 1 2 2
942
 1 1 0 0
 1 1 1 2
 1 1 2 1
943
 1 1 0 1
 1 1 1 0
 1 1 2 2
944
 1 1 0 1
 1 1 1 1
 1 1 2 1
945
 1 1 0 1
 1 1 1 2
 1 1 2 0
946
 1 1 0 2
 1 1 1 0
 1 1 2 1
947
 1 1 0 2
 1 1 1 1
 1 1 2 0
948
 1 1 0 2
 1 1 1 2
 1 1 2 2
949
 1 1 1 0
 1 1 1 1
 1 1 1 2
950
 1 1 2 0
 1 1 2 1
 1 1 2 2
951
 1 2 0 0
 1 2 0 1
 1 2 0 2
952
 1 2 0 0
 1 2 1 0
 1 2 2 0
953
 1 2 0 0
 1 2 1 1
 1 2 2 2
954
 1 2 0 0
 1 2 1 2
 1 2 2 1
955
 1 2 0 1
 1 2 1 0
 1 2 2 2
956
 1 2 0 1
 1 2 1 1
 1 2 2 1
957
 1 2 0 1
 1 2 1 2
 1 2 2 0
958
 1 2 0 2
 1 2 1 0
 1 2 2 1
959
 1 2 0 2
 1 2 1 1
 1 2 2 0
960
 1 2 0 2
 1 2 1 2
 1 2 2 2
961
 1 2 1 0
 1 2 1 1
 1 2 1 2
962
 1 2 2 0
 1 2 2 1
 1 2 2 2
963
 2 0 0 0
 2 0 0 1
 2 0 0 2
964
 2 0 0 0
 2 0 1 0
 2 0 2 0
965
 2 0 0 0
 2 0 1 1
 2 0 2 2
966
 2 0 0 0
 2 0 1 2
 2 0 2 1
967
 2 0 0 0
 2 1 0 0
 2 2 0 0
968
 2 0 0 0
 2 1 0 1
 2 2 0 2
969
 2 0 0 0
 2 1 0 2
 2 2 0 1
970
 2 0 0 0
 2 1 1 0
 2 2 2 0
971
 2 0 0 0
 2 1 1 1
 2 2 2 2
972
 2 0 0 0
 2 1 1 2
 2 2 2 1
973
 2 0 0 0
 2 1 2 0
 2 2 1 0
974
 2 0 0 0
 2 1 2 1
 2 2 1 2
975
 2 0 0 0
 2 1 2 2
 2 2 1 1
976
 2 0 0 1
 2 0 1 0
 2 0 2 2
977
 2 0 0 1
 2 0 1 1
 2 0 2 1
978
 2 0 0 1
 2 0 1 2
 2 0 2 0
979
 2 0 0 1
 2 1 0 0
 2 2 0 2
980
 2 0 0 1
 2 1 0 1
 2 2 0 1
981
 2 0 0 1
 2 1 0 2
 2 2 0 0
982
 2 0 0 1
 2 1 1 0
 2 2 2 2
983
 2 0 0 1
 2 1 1 1
 2 2 2 1
984
 2 0 0 1
 2 1 1 2
 2 2 2 0
985
 2 0 0 1
 2 1 2 0
 2 2 1 2
986
 2 0 0 1
 2 1 2 1
 2 2 1 1
987
 2 0 0 1
 2 1 2 2
 2 2 1 0
988
 2 0 0 2
 2 0 1 0
 2 0 2 1
989
 2 0 0 2
 2 0 1 1
 2 0 2 0
990
 2 0 0 2
 2 0 1 2
 2 0 2 2
991
 2 0 0 2
 2 1 0 0
 2 2 0 1
992
 2 0 0 2
 2 1 0 1
 2 2 0 0
993
 2 0 0 2
 2 1 0 2
 2 2 0 2
994
 2 0 0 2
 2 1 1 0
 2 2 2 1
995
 2 0 0 2
 2 1 1 1
 2 2 2 0
996
 2 0 0 2
 2 1 1 2
 2 2 2 2
997
 2 0 0 2
 2 1 2 0
 2 2 1 1
998
 2 0 0 2
 2 1 2 1
 2 2 1 0
999
 2 0 0 2
 2 1 2 2
 2 2 1 2
1000
 2 0 1 0
 2 0 1 1
 2 0 1 2
1001
 2 0 1 0
 2 1 0 0
 2 2 2 0
1002
 2 0 1 0
 2 1 0 1
 2 2 2 2
1003
 2 0 1 0
 2 1 0 2
 2 2 2 1
1004
 2 0 1 0
 2 1 1 0
 2 2 1 0
1005
 2 0 1 0
 2 1 1 1
 2 2 1 2
1006
 2 0 1 0
 2 1 1 2
 2 2 1 1
1007
 2 0 1 0
 2 1 2 0
 2 2 0 0
1008
 2 0 1 0
 2 1 2 1
 2 2 0 2
1009
 2 0 1 0
 2 1 2 2
 2 2 0 1
1010
 2 0 1 1
 2 1 0 0
 2 2 2 2
1011
 2 0 1 1
 2 1 0 1
 2 2 2 1
1012
 2 0 1 1
 2 1 0 2
 2 2 2 0
1013
 2 0 1 1
 2 1 1 0
 2 2 1 2
1014
 2 0 1 1
 2 1 1 1
 2 2 1 1
1015
 2 0 1 1
 2 1 1 2
 2 2 1 0
1016
 2 0 1 1
 2 1 2 0
 2 2 0 2
1017
 2 0 1 1
 2 1 2 1
 2 2 0 1
1018
 2 0 1 1
 2 1 2 2
 2 2 0 0
1019
 2 0 1 2
 2 1 0 0
 2 2 2 1
1020
 2 0 1 2
 2 1 0 1
 2 2 2 0
1021
 2 0 1 2
 2 1 0 2
 2 2 2 2
1022
 2 0 1 2
 2 1 1 0
 2 2 1 1
1023
 2 0 1 2
 2 1 1 1
 2 2 1 0
1024
 2 0 1 2
 2 1 1 2
 2 2 1 2
1025
 2 0 1 2
 2 1 2 0
 2 2 0 1
1026
 2 0 1 2
 2 1 2 1
 2 2 0 0
1027
 2 0 1 2
 2 1 2 2
 2 2 0 2
1028
 2 0 2 0
 2 0 2 1
 2 0 2 2
1029
 2 0 2 0
 2 1 0 0
 2 2 1 0
1030
 2 0 2 0
 2 1 0 1
 2 2 1 2
1031
 2 0 2 0
 2 1 0 2
 2 2 1 1
1032
 2 0 2 0
 2 1 1 0
 2 2 0 0
1033
 2 0 2 0
 2 1 1 1
 2 2 0 2
1034
 2 0 2 0
 2 1 1 2
 2 2 0 1
1035
 2 0 2 0
 2 1 2 0
 2 2 2 0
1036
 2 0 2 0
 2 1 2 1
 2 2 2 2
1037
 2 0 2 0
 2 1 2 2
 2 2 2 1
1038
 2 0 2 1
 2 1 0 0
 2 2 1 2
1039
 2 0 2 1
 2 1 0 1
 2 2 1 1
1040
 2 0 2 1
 2 1 0 2
 2 2 1 0
1041
 2 0 2 1
 2 1 1 0
 2 2 0 2
1042
 2 0 2 1
 2 1 1 1
 2 2 0 1
1043
 2 0 2 1
 2 1 1 2
 2 2 0 0
1044
 2 0 2 1
 2 1 2 0
 2 2 2 2
1045
 2 0 2 1
 2 1 2 1
 2 2 2 1
1046
 2 0 2 1
 2 1 2 2
 2 2 2 0
1047
 2 0 2 2
 2 1 0 0
 2 2 1 1
1048
 2 0 2 2
 2 1 0 1
 2 2 1 0
1049
 2 0 2 2
 2 1 0 2
 2 2 1 2
1050
 2 0 2 2
 2 1 1 0
 2 2 0 1
1051
 2 0 2 2
 2 1 1 1
 2 2 0 0
1052
 2 0 2 2
 2 1 1 2
 2 2 0 2
1053
 2 0 2 2
 2 1 2 0
 2 2 2 1
1054
 2 0 2 2
 2 1 2 1
 2 2 2 0
1055
 2 0 2 2
 2 1 2 2
 2 2 2 2
1056
 2 1 0 0
 2 1 0 1
 2 1 0 2
1057
 2 1 0 0
 2 1 1 0
 2 1 2 0
1058
 2 1 0 0
 2 1 1 1
 2 1 2 2
1059
 2 1 0 0
 2 1 1 2
 2 1 2 1
1060
 2 1 0 1
 2 1 1 0
 2 1 2 2
1061
 2 1 0 1
 2 1 1 1
 2 1 2 1
1062
 2 1 0 1
 2 1 1 2
 2 1 2 0
1063
 2 1 0 2
 2 1 1 0
 2 1 2 1
1064
 2 1 0 2
 2 1 1 1
 2 1 2 0
1065
 2 1 0 2
 2 1 1 2
 2 1 2 2
1066
 2 1 1 0
 2 1 1 1
 2 1 1 2
1067
 2 1 2 0
 2 1 2 1
 2 1 2 2
1068
 2 2 0 0
 2 2 0 1
 2 2 0 2
1069
 2 2 0 0
 2 2 1 0
 2 2 2 0
1070
 2 2 0 0
 2 2 1 1
 2 2 2 2
1071
 2 2 0 0
 2 2 1 2
 2 2 2 1
1072
 2 2 0 1
 2 2 1 0
 2 2 2 2
1073
 2 2 0 1
 2 2 1 1
 2 2 2 1
1074
 2 2 0 1
 2 2 1 2
 2 2 2 0
1075
 2 2 0 2
 2 2 1 0
 2 2 2 1
1076
 2 2 0 2
 2 2 1 1
 2 2 2 0
1077
 2 2 0 2
 2 2 1 2
 2 2 2 2
1078
 2 2 1 0
 2 2 1 1
 2 2 1 2
1079
 2 2 2 0
 2 2 2 1
 2 2 2 2
